-16 -15 -18 -15
7 16 7 15
-3 -17 -3 -18
-8 17 -9 17
-13 16 -14 16
-9 16 -10 16
17 2 15 2
17 -2 16 -2
16 7 16 6
16 -8 16 -9
9 -12 8 -12
2 4 1 4
-12 -7 -12 -8
-7 17 -7 15
17 -7 15 -7
-15 17 -15 15
16 -15 15 -15
8 17 8 16
4 -16 3 -16
11 16 10 16
-4 -1 -4 -2
11 -8 10 -8
-16 5 -16 4
12 17 12 15
-16 -10 -16 -11
5 16 5 15
-16 13 -16 12
17 8 16 8
2 11 2 10
3 11 3 10
17 -1 17 -2
13 17 13 16
1 11 1 10
-15 -16 -16 -16
0 -4 0 -6
-2 10 -3 10
1 -4 0 -4
17 3 16 3
16 4 15 4
15 -13 15 -14
-16 5 -18 5
6 -16 5 -16
-17 -3 -17 -4
6 0 4 0
3 -11 3 -12
2 -4 2 -5
17 14 15 14
3 3 3 2
-7 11 -8 11
-12 -16 -13 -16
16 -14 16 -15
8 -16 8 -18
16 -5 16 -6
-17 7 -17 6
-5 15 -6 15
-7 1 -7 0
11 7 10 7
9 17 8 17
-2 17 -2 15
2 -11 2 -12
-2 5 -2 4
-17 -1 -18 -1
-14 -18 -15 -18
-18 -2 -18 -3
-8 -11 -9 -11
7 -11 7 -12
11 -18 10 -18
-2 -5 -2 -7
3 -3 3 -4
10 -11 9 -11
-4 -2 -6 -2
1 16 0 16
17 1 15 1
-18 -4 -18 -5
14 16 13 16
16 -10 15 -10
-3 3 -4 3
4 17 4 15
-5 -12 -6 -12
0 -16 0 -18
-3 -17 -4 -17
12 -16 12 -17
9 11 9 10
1 -12 0 -12
-16 8 -18 8
17 -6 17 -7
5 -12 4 -12
3 -12 2 -12
-11 -16 -11 -17
12 -17 11 -17
0 17 -1 17
17 12 17 11
2 17 2 16
-4 3 -4 2
-16 9 -16 8
-17 1 -17 0
10 8 10 7
11 -7 10 -7
-12 1 -12 0
-18 -12 -18 -13
4 -16 4 -17
10 -17 10 -18
-5 2 -5 1
-9 11 -9 10
17 14 17 13
9 -16 8 -16
3 -1 3 -2
7 -12 6 -12
-6 10 -7 10
6 10 5 10
13 -16 13 -17
11 -17 11 -18
-10 -11 -10 -12
-3 -12 -4 -12
-4 -3 -6 -3
11 5 10 5
1 -11 1 -12
15 0 15 -1
-11 -3 -12 -3
-8 17 -8 15
-17 -4 -18 -4
-7 -11 -7 -12
0 -6 -1 -6
10 -17 9 -17
-16 -15 -16 -16
1 5 0 5
-17 -13 -17 -14
8 -11 7 -11
-18 8 -18 7
16 -14 15 -14
-5 11 -5 10
-6 11 -6 10
-16 15 -16 14
7 11 6 11
-5 17 -5 15
-18 0 -18 -1
-13 -17 -14 -17
13 -16 12 -16
-17 -1 -17 -2
10 4 10 3
-1 -5 -1 -6
2 17 1 17
-1 -16 -2 -16
-16 -9 -18 -9
-17 -5 -18 -5
16 9 16 8
-4 17 -4 15
-14 17 -14 16
-16 -6 -17 -6
-16 -8 -16 -9
1 11 0 11
-10 11 -10 10
-1 -11 -1 -12
-1 -12 -2 -12
4 2 3 2
9 17 9 15
15 15 14 15
15 5 15 4
-3 11 -3 10
-12 9 -12 8
1 -4 1 -5
-1 11 -2 11
-5 -11 -5 -12
17 1 17 0
17 -1 15 -1
-1 -16 -1 -18
3 17 3 16
11 -5 10 -5
0 -11 -1 -11
-2 -16 -2 -18
17 0 15 0
6 -3 3 -3
0 4 -1 4
8 11 8 10
-10 16 -10 15
-11 -5 -12 -5
1 17 1 16
-11 6 -12 6
-17 -12 -18 -12
17 -13 15 -13
0 5 0 4
-11 0 -12 0
-12 -5 -12 -6
16 -2 16 -3
-8 -16 -8 -18
17 3 17 2
-17 1 -18 1
4 10 3 10
-16 9 -17 9
-4 17 -5 17
3 -4 2 -4
10 -10 10 -11
15 15 15 14
16 10 15 10
15 10 15 9
-11 4 -12 4
2 -17 1 -17
11 -1 11 -2
17 -3 17 -4
14 16 14 15
3 -16 3 -18
-11 10 -11 9
7 11 7 10
-14 17 -15 17
-3 -11 -3 -12
8 16 7 16
-4 -11 -4 -12
-16 -10 -18 -10
-5 11 -6 11
-11 -4 -11 -5
11 9 11 8
-5 1 -7 1
17 6 16 6
6 16 6 15
7 -17 7 -18
-11 8 -11 7
-2 -7 -3 -7
8 -18 7 -18
-17 6 -18 6
17 5 15 5
-11 2 -11 1
6 1 4 1
11 -7 11 -8
11 -2 10 -2
17 12 15 12
-6 -11 -6 -12
11 -9 11 -10
17 11 16 11
-18 -9 -18 -10
-10 -11 -11 -11
-7 -16 -7 -18
10 15 9 15
4 -1 3 -1
11 3 10 3
11 -4 10 -4
7 -17 6 -17
-11 6 -11 5
11 6 10 6
-9 -12 -10 -12
-1 5 -2 5
-16 -7 -17 -7
-11 -1 -12 -1
16 -5 15 -5
-11 -6 -11 -7
5 -16 5 -17
-3 -4 -3 -7
3 3 2 3
4 -11 3 -11
-6 -11 -7 -11
15 -15 15 -16
11 -5 11 -6
4 -11 4 -12
-8 -18 -9 -18
11 2 10 2
11 -6 10 -6
15 -7 15 -8
-11 -8 -12 -8
0 -11 0 -12
10 16 10 15
-7 -16 -8 -16
-3 15 -4 15
-6 -18 -7 -18
-11 8 -12 8
-7 15 -8 15
-6 17 -6 15
4 17 3 17
-16 13 -17 13
11 1 10 1
-11 5 -12 5
14 -16 14 -17
17 6 17 5
-11 1 -12 1
13 17 12 17
-16 2 -18 2
11 4 10 4
-17 7 -18 7
-11 -7 -12 -7
-17 4 -17 3
16 11 16 10
-12 5 -12 4
-12 -3 -12 -4
6 16 5 16
4 2 4 1
-4 -1 -5 -1
-16 -8 -17 -8
-15 -16 -15 -18
-17 0 -18 0
10 -2 10 -3
-4 -3 -4 -4
2 4 2 3
10 -8 10 -9
-8 -11 -8 -12
-9 11 -10 11
3 16 2 16
-11 -8 -11 -9
-11 16 -12 16
-17 -7 -17 -8
-17 12 -17 11
-18 -14 -18 -15
-11 -2 -11 -3
6 1 6 0
11 0 10 0
17 7 16 7
-8 10 -9 10
-5 0 -5 -1
15 -11 15 -12
-2 4 -3 4
11 -9 10 -9
-16 12 -17 12
4 0 4 -1
-3 -4 -4 -4
11 -3 11 -4
0 17 0 16
-18 6 -18 5
16 4 16 3
-17 -3 -18 -3
-16 4 -17 4
-1 5 -1 4
-3 17 -3 15
16 -9 15 -9
-8 11 -8 10
11 -10 10 -10
10 -6 10 -7
11 -1 10 -1
6 -2 6 -3
-10 -16 -11 -16
-17 11 -18 11
2 -17 2 -18
-18 2 -18 1
16 9 15 9
-18 11 -18 10
-11 2 -12 2
-12 -16 -12 -17
-2 17 -3 17
-10 -16 -10 -17
-15 15 -16 15
-11 16 -11 15
5 11 5 10
-1 15 -2 15
-11 7 -12 7
5 -11 5 -12
2 -5 1 -5
-11 0 -11 -1
-12 -1 -12 -2
14 -17 13 -17
-11 -4 -12 -4
-5 -16 -5 -18
-11 -6 -12 -6
1 5 1 4
-17 10 -17 9
9 -11 9 -12
10 -4 10 -5
11 3 11 2
-10 10 -11 10
11 -3 10 -3
9 -16 9 -17
-16 3 -17 3
1 -16 1 -17
-5 -16 -6 -16
-13 -16 -13 -17
-5 0 -7 0
-1 17 -1 15
-11 4 -11 3
-4 -11 -5 -11
15 -16 14 -16
17 13 15 13
15 13 15 12
11 5 11 4
-9 -17 -9 -18
17 -3 16 -3
10 6 10 5
9 11 8 11
-17 14 -17 13
-17 10 -18 10
-13 17 -13 16
6 -11 6 -12
-2 -11 -2 -12
-17 -11 -17 -12
11 9 10 9
7 15 6 15
-1 -5 -2 -5
-11 9 -12 9
16 -10 16 -11
5 11 4 11
6 -11 5 -11
11 7 11 6
4 11 4 10
6 -2 3 -2
5 -17 4 -17
-4 2 -5 2
3 -18 2 -18
-3 4 -3 3
-9 -11 -9 -12
10 2 10 1
-7 -12 -8 -12
17 8 17 7
8 -11 8 -12
-17 -2 -18 -2
11 1 11 0
2 -11 1 -11
11 8 10 8
-17 -13 -18 -13
-17 -14 -18 -14
8 10 7 10
10 0 10 -1
3 11 2 11
-2 -11 -3 -11
10 10 10 9
6 -16 6 -17
15 -9 15 -10
-11 -17 -12 -17
-1 11 -1 10
17 -6 16 -6
-6 -16 -6 -18
-6 -2 -6 -3
-2 11 -2 10
-14 -17 -14 -18
15 -4 15 -5
16 -11 15 -11
-16 3 -16 2
-6 17 -7 17
-11 3 -12 3
-12 3 -12 2
1 -16 0 -16
6 11 6 10
-9 17 -9 16
10 10 9 10
17 -12 17 -13
-4 11 -4 10
-16 -11 -17 -11
-7 11 -7 10
-4 -18 -5 -18
0 -18 -1 -18
-2 -18 -3 -18
2 10 1 10
0 11 0 10
-12 17 -12 16
-11 -9 -12 -9
5 15 4 15
-11 -10 -12 -10
-11 -2 -12 -2
-12 -9 -12 -10
16 -8 15 -8
0 10 -1 10
-9 -17 -10 -17
-4 -17 -4 -18
17 -4 15 -4
17 -12 15 -12
-11 -10 -11 -11
-10 15 -11 15
12 15 11 15
-3 11 -4 11
-4 10 -5 10
-12 7 -12 6
-12 17 -13 17
-16 -6 -16 -7
15 2 15 1
-17 -5 -17 -6
-16 14 -17 14
11 16 11 15
